0
3
5
2
1
4
11
7
6
8
9
10
12
14
13
16
19
21
18
17
22
23
20
24
27
25
28
29
26
30
31
33
32
35
36
34
37
39
38
40
41
42
45
46
43
47
44
48
49
50
51
53
55
56
54
52
57
59
58
61
63
60
62
65
66
68
64
69
70
71
67
72
73
75
74
77
76
79
80
84
81
83
85
82
87
90
88
91
92
94
97
98
99
95
96
102
103
100
104
101
105
106
108
107
111
110
109
114
112
115
113
116
119
117
118
121
122
123
120
126
127
124
125
129
128
131
133
130
135
134
137
136
139
140
141
142
143
144
145
146
147
148
149
150
153
155
152
157
154
156
158
160
159
161
162
164
163
166
167
168
165
171
172
170
173
175
176
177
179
180
178
182
184
185
183
186
187
188
189
192
193
190
194
195
191
197
198
200
199
202
204
205
201
203
208
206
207
211
209
214
212
213
215
217
218
219
220
216
221
225
226
222
227
224
229
230
228
233
231
235
232
234
238
237
239
236
241
243
240
244
246
242
247
245
248
249
251
250
252
253
254
255
258
256
257
260
261
262
263
265
264
267
268
270
269
271
274
272
276
273
278
275
279
277
282
280
284
286
283
287
285
290
288
289
291
292
293
296
294
298
299
295
297
301
303
300
302
305
304
307
306
311
308
309
310
313
314
316
312
317
315
318
319
320
322
324
325
323
328
326
327
329
330
332
333
331
335
337
338
334
339
340
336
341
343
344
346
345
347
349
350
348
351
352
353
354
356
357
355
358
361
359
363
360
365
362
367
366
364
369
370
368
371
372
375
374
373
377
378
379
376
380
381
382
383
384
387
385
386
388
389
392
390
394
391
395
393
398
399
396
397
401
404
402
403
405
407
408
410
409
412
415
413
414
416
417
421
418
420
423
419
422
425
427
428
429
430
431
432
434
435
433
437
439
440
436
441
438
442
443
445
448
449
446
451
447
452
450
453
456
457
454
455
460
458
459
463
464
461
465
467
468
466
471
472
473
469
470
474
475
476
480
481
477
478
479
484
482
486
487
485
488
490
489
492
491
495
496
494
493
500
497
498
499
501
504
503
502
505
506
508
509
507
510
511
512
513
514
515
516
519
518
523
521
520
522
525
524
528
526
527
531
529
532
530
533
535
538
539
536
537
540
542
543
541
546
547
544
545
548
549
552
554
550
555
553
558
556
559
560
557
561
563
562
564
566
565
567
568
571
569
570
574
575
572
576
573
581
579
583
580
585
582
586
587
584
589
590
591
588
593
594
595
592
596
597
598
601
599
602
603
600
604
605
606
608
609
607
610
611
613
614
612
617
618
615
620
616
619
621
623
626
624
622
628
625
630
627
629
631
633
635
634
632
637
639
636
638
640
643
642
644
641
645
646
648
647
650
649
651
652
653
656
655
658
660
657
661
659
662
663
665
664
669
670
667
668
671
672
674
676
673
677
675
679
681
678
683
680
684
685
682
686
688
687
689
690
691
692
695
693
697
694
696
701
698
702
700
704
706
705
703
709
708
707
710
711
713
712
714
715
716
718
717
720
721
722
723
719
725
724
727
726
729
728
732
733
730
731
736
737
735
734
738
739
740
742
741
746
745
743
747
749
752
750
753
757
758
755
760
759
761
765
764
762
763
766
770
768
767
773
769
775
774
772
776
777
778
779
782
783
780
781
785
786
787
784
788
789
792
791
796
793
797
794
795
799
